7
89
-0.00012773288240694526
-0.0002030129440940272
-0.0002852684918089055
-0.0003614142602790799
-0.00041424460399664423
-0.000423779691494184
-0.00036938071707689097
-0.00023252227947749045
3.9680326732588147e-19
0.0003327495497568642
0.0007586172844915052
0.0012565203466494905
0.0017902673867579372
0.002308967775403607
0.0027492495875846416
0.0030393906509447546
0.0031052704265704476
0.002877835600632018
0.002301560740855575
0.0013432010025131065
-1.4290661939992376e-18
-0.0016935471733415845
-0.0036612536118440448
-0.005783886475164548
-0.007901458538716231
-0.009819443131524302
-0.011318851986103976
-0.012169749747226686
-0.012147419500092774
-0.0110500765828382
-0.008716787355500313
-0.005044114390603439
2.675966367348799e-18
0.006366474777534262
0.013920562213222708
0.022443286401319533
0.03163912646454109
0.04114971726075977
0.05057283105283618
0.059485436619258134
0.0674692515598182
0.07413694622168378
0.07915705031471162
0.08227566910249894
0.08333333333333333
0.08227566910249894
0.07915705031471162
0.07413694622168378
0.0674692515598182
0.059485436619258134
0.05057283105283618
0.04114971726075977
0.03163912646454109
0.022443286401319533
0.013920562213222708
0.006366474777534262
2.675966367348799e-18
-0.005044114390603439
-0.008716787355500313
-0.0110500765828382
-0.012147419500092774
-0.012169749747226686
-0.011318851986103976
-0.009819443131524302
-0.007901458538716231
-0.005783886475164548
-0.0036612536118440448
-0.0016935471733415845
-1.4290661939992376e-18
0.0013432010025131065
0.002301560740855575
0.002877835600632018
0.0031052704265704476
0.0030393906509447546
0.0027492495875846416
0.002308967775403607
0.0017902673867579372
0.0012565203466494905
0.0007586172844915052
0.0003327495497568642
3.9680326732588147e-19
-0.00023252227947749045
-0.00036938071707689097
-0.000423779691494184
-0.00041424460399664423
-0.0003614142602790799
-0.0002852684918089055
-0.0002030129440940272
-0.00012773288240694526
2.1220525586035941e-19
9.792571142629238e-05
0.0002852684918089057
0.0005484960477428108
0.0008284892079932895
0.0010230946786635448
0.0010091668863902914
0.0006817208293473158
-1.1904098019776445e-18
-0.0009755723173492932
-0.002072580964730724
-0.0030335084622789403
-0.003580534773515871
-0.0035041774450085108
-0.00274924958758464
-0.0014660862790026488
7.660109733990982e-18
0.0011920385360619052
0.0016848593990121496
0.0012516640739364496
-1.4290661939992376e-18
-0.001578134732197387
-0.002680223663264899
-0.0023957642212394698
1.0939045864585258e-17
0.00473652534204506
0.011318851986103981
0.01846927576465441
0.02429483900018556
0.02667724475154933
0.023814705934000816
0.014788595111883853
-8.027899102046397e-18
-0.01866555959761085
-0.03803168323644789
-0.05418288641428926
-0.06327825292908217
-0.062450378316096865
-0.05057283105283617
-0.02869350881265229
0.0
0.03070852859794622
0.05794698260765493
0.07666871822013556
0.08333333333333333
0.07666871822013556
0.05794698260765493
0.03070852859794622
0.0
-0.02869350881265229
-0.05057283105283617
-0.062450378316096865
-0.06327825292908217
-0.05418288641428926
-0.03803168323644789
-0.01866555959761085
-8.027899102046397e-18
0.014788595111883853
0.023814705934000816
0.02667724475154933
0.02429483900018556
0.01846927576465441
0.011318851986103981
0.00473652534204506
1.0939045864585258e-17
-0.0023957642212394698
-0.002680223663264899
-0.001578134732197387
-1.4290661939992376e-18
0.0012516640739364496
0.0016848593990121496
0.0011920385360619052
7.660109733990982e-18
-0.0014660862790026488
-0.00274924958758464
-0.0035041774450085108
-0.003580534773515871
-0.0030335084622789403
-0.002072580964730724
-0.0009755723173492932
-1.1904098019776445e-18
0.0006817208293473158
0.0010091668863902914
0.0010230946786635448
0.0008284892079932895
0.0005484960477428108
0.0002852684918089057
9.792571142629238e-05
2.1220525586035941e-19
0.00025546576481389057
0.0002871036588750636
-7.336416053218749e-19
-0.0005111169485217149
-0.0008284892079932885
-0.000599314987169362
2.1418841474119474e-18
0.0003288361611909747
-7.936065346517629e-19
-0.0004705789261396985
7.028324154154222e-18
0.0017769881156294589
0.0035805347735158735
0.003265373543058209
-5.050289561239069e-18
-0.004298347479916072
-0.006210540853140895
-0.0040698741366939194
1.1088041288416694e-17
0.0018995730747471823
-2.8581323879984752e-18
-0.0023950373810582813
1.0535226187176203e-17
0.008179650696404025
0.015802917077432463
0.013886789651552984
-1.2475436269324407e-17
-0.017210625143214562
-0.024294839000185548
-0.015627168168711115
3.724368482583469e-17
0.0071334549813526936
-5.351932734697598e-18
-0.009003554974895177
3.3380249662422276e-17
0.03173960001296974
0.06327825292908218
0.058194488237984655
-1.8580156701802708e-17
-0.08412511123064007
-0.13493850311963637
-0.10484547481962998
0.0
0.11635536709807506
0.16666666666666666
0.11635536709807506
0.0
-0.10484547481962998
-0.13493850311963637
-0.08412511123064007
-1.8580156701802708e-17
0.058194488237984655
0.06327825292908218
0.03173960001296974
3.3380249662422276e-17
-0.009003554974895177
-5.351932734697598e-18
0.0071334549813526936
3.724368482583469e-17
-0.015627168168711115
-0.024294839000185548
-0.017210625143214562
-1.2475436269324407e-17
0.013886789651552984
0.015802917077432463
0.008179650696404025
1.0535226187176203e-17
-0.0023950373810582813
-2.8581323879984752e-18
0.0018995730747471823
1.1088041288416694e-17
-0.0040698741366939194
-0.006210540853140895
-0.004298347479916072
-5.050289561239069e-18
0.003265373543058209
0.0035805347735158735
0.0017769881156294589
7.028324154154222e-18
-0.0004705789261396985
-7.936065346517629e-19
0.0003288361611909747
2.1418841474119474e-18
-0.000599314987169362
-0.0008284892079932885
-0.0005111169485217149
-7.336416053218749e-19
0.0002871036588750636
0.00025546576481389057
-0.00012773288240694694
-0.00039219089154279895
2.0925873588950445e-19
0.0006981987359854456
0.00041424460399664195
-0.0005993149871693598
-0.0006397861693133982
0.00012036238867885258
-7.93606534651763e-19
-0.00017224384145273053
0.0013139636802392098
0.0017769881156294415
-0.0017902673867579437
-0.004460583212663119
1.8184445884980372e-17
0.0058716518518581685
0.0031052704265704333
-0.004069874136693927
-0.003986420139867745
0.0006952920017023986
-2.8581323879984756e-18
-0.0008766445244806714
0.006341477275108969
0.008179650696404011
-0.007901458538716256
-0.018969707441032248
2.0792393782207346e-17
0.023510151160642253
0.01214741950009275
-0.01562716816871114
-0.015097918578500525
0.0026110257399277457
-5.351932734697599e-18
-0.0032955298451813916
0.02411112102322517
0.03173960001296972
-0.03163912646454113
-0.07949514929332178
3.096692783633785e-17
0.11491703903724586
0.06746925155981816
-0.10484547481963001
-0.13710403292236653
0.0425890202245595
0.16666666666666669
0.0425890202245595
-0.13710403292236653
-0.10484547481963001
0.06746925155981816
0.11491703903724586
3.096692783633785e-17
-0.07949514929332178
-0.03163912646454113
0.03173960001296972
0.02411112102322517
-0.0032955298451813916
-5.351932734697599e-18
0.0026110257399277457
-0.015097918578500525
-0.01562716816871114
0.01214741950009275
0.023510151160642253
2.0792393782207346e-17
-0.018969707441032248
-0.007901458538716256
0.008179650696404011
0.006341477275108969
-0.0008766445244806714
-2.8581323879984756e-18
0.0006952920017023986
-0.003986420139867745
-0.004069874136693927
0.0031052704265704333
0.0058716518518581685
1.8184445884980372e-17
-0.004460583212663119
-0.0017902673867579437
0.0017769881156294415
0.0013139636802392098
-0.00017224384145273053
-7.93606534651763e-19
0.00012036238867885258
-0.0006397861693133982
-0.0005993149871693598
0.00041424460399664195
0.0006981987359854456
2.0925873588950445e-19
-0.00039219089154279895
-0.00012773288240694694
-0.00012773288240694312
0.0003921908915427999
-6.983531394374211e-19
-0.0006981987359854452
0.00041424460399664873
0.0005993149871693633
-0.0006397861693134025
-0.00012036238867884887
-7.936065346517628e-19
0.00017224384145273126
0.0013139636802392283
-0.0017769881156294673
-0.0017902673867579242
0.004460583212663126
-2.155130559247309e-17
-0.005871651851858152
0.0031052704265704767
0.004069874136693914
-0.003986420139867703
-0.0006952920017023548
-2.858132387998475e-18
0.0008766445244807034
0.006341477275108919
-0.008179650696404032
-0.00790145853871619
0.018969707441032276
-2.9109351295090284e-17
-0.023510151160642197
0.01214741950009282
0.01562716816871111
-0.01509791857850048
-0.002611025739927699
-5.3519327346975974e-18
0.0032955298451814267
0.024111121023225202
-0.031739600012969764
-0.031639126464541034
0.0794951492933219
-4.3353698970872984e-17
-0.11491703903724579
0.06746925155981826
0.10484547481962997
-0.13710403292236653
-0.0425890202245595
0.16666666666666663
-0.0425890202245595
-0.13710403292236653
0.10484547481962997
0.06746925155981826
-0.11491703903724579
-4.3353698970872984e-17
0.0794951492933219
-0.031639126464541034
-0.031739600012969764
0.024111121023225202
0.0032955298451814267
-5.3519327346975974e-18
-0.002611025739927699
-0.01509791857850048
0.01562716816871111
0.01214741950009282
-0.023510151160642197
-2.9109351295090284e-17
0.018969707441032276
-0.00790145853871619
-0.008179650696404032
0.006341477275108919
0.0008766445244807034
-2.858132387998475e-18
-0.0006952920017023548
-0.003986420139867703
0.004069874136693914
0.0031052704265704767
-0.005871651851858152
-2.155130559247309e-17
0.004460583212663126
-0.0017902673867579242
-0.0017769881156294673
0.0013139636802392283
0.00017224384145273126
-7.936065346517628e-19
-0.00012036238867884887
-0.0006397861693134025
0.0005993149871693633
0.00041424460399664873
-0.0006981987359854452
-6.983531394374211e-19
0.0003921908915427999
-0.00012773288240694312
0.0002554657648138892
-0.00028710365887506354
3.214402088945912e-18
0.0005111169485217164
-0.0008284892079932936
0.0005993149871693588
-1.3004296609286825e-18
-0.0003288361611909804
-8.467810485281442e-18
0.00047057892613969454
-7.871723052652728e-18
-0.0017769881156294329
0.0035805347735158627
-0.003265373543058219
5.383572067468613e-18
0.004298347479916051
-0.006210540853140919
0.004069874136693932
-1.8914893962593184e-17
-0.0018995730747472048
-2.858132387998479e-18
0.002395037381058236
-1.7558710311960337e-18
-0.008179650696404004
0.015802917077432414
-0.013886789651553003
7.763894908732304e-17
0.017210625143214503
-0.02429483900018559
0.015627168168711143
-5.3205264036906704e-17
-0.007133454981352713
-5.351932734697605e-18
0.009003554974895116
-3.034568151129298e-17
-0.031739600012969715
0.06327825292908212
-0.05819448823798477
5.574047010540812e-17
0.08412511123064
-0.13493850311963645
0.10484547481963002
-2.76089382187967e-17
-0.11635536709807506
0.16666666666666674
-0.11635536709807506
-2.76089382187967e-17
0.10484547481963002
-0.13493850311963645
0.08412511123064
5.574047010540812e-17
-0.05819448823798477
0.06327825292908212
-0.031739600012969715
-3.034568151129298e-17
0.009003554974895116
-5.351932734697605e-18
-0.007133454981352713
-5.3205264036906704e-17
0.015627168168711143
-0.02429483900018559
0.017210625143214503
7.763894908732304e-17
-0.013886789651553003
0.015802917077432414
-0.008179650696404004
-1.7558710311960337e-18
0.002395037381058236
-2.858132387998479e-18
-0.0018995730747472048
-1.8914893962593184e-17
0.004069874136693932
-0.006210540853140919
0.004298347479916051
5.383572067468613e-18
-0.003265373543058219
0.0035805347735158627
-0.0017769881156294329
-7.871723052652728e-18
0.00047057892613969454
-8.467810485281442e-18
-0.0003288361611909804
-1.3004296609286825e-18
0.0005993149871693588
-0.0008284892079932936
0.0005111169485217164
3.214402088945912e-18
-0.00028710365887506354
0.0002554657648138892
-0.00012773288240694754
0.0001050872326677357
-1.6765419465332546e-18
-0.0001870817874637268
0.0004142446039966435
-0.0005993149871693561
0.0006397861693133908
-0.0004491985498698224
6.880597415977914e-18
0.0006428227675924422
-0.0013139636802392137
0.001776988115629451
-0.0017902673867579426
0.0011952096696049219
-2.828502500745851e-17
-0.0015733043719421008
0.0031052704265704368
-0.004069874136693894
0.003986420139867749
-0.0025948650764495798
-2.858132387998472e-18
0.0032716819055390264
-0.006341477275109026
0.008179650696404011
-0.007901458538716237
0.005082917789479293
-8.595590660020598e-17
-0.006299526017427741
0.012147419500092757
-0.015627168168711042
0.015097918578500487
-0.009744480721280481
-5.351932734697592e-18
0.012299084820076736
-0.024111121023225227
0.03173960001296978
-0.031639126464541124
0.021300661055337157
-6.812724123994327e-17
-0.030791927806605817
0.06746925155981816
-0.10484547481962996
0.1371040329223665
-0.15894438732263447
0.16666666666666663
-0.15894438732263447
0.1371040329223665
-0.10484547481962996
0.06746925155981816
-0.030791927806605817
-6.812724123994327e-17
0.021300661055337157
-0.031639126464541124
0.03173960001296978
-0.024111121023225227
0.012299084820076736
-5.351932734697592e-18
-0.009744480721280481
0.015097918578500487
-0.015627168168711042
0.012147419500092757
-0.006299526017427741
-8.595590660020598e-17
0.005082917789479293
-0.007901458538716237
0.008179650696404011
-0.006341477275109026
0.0032716819055390264
-2.858132387998472e-18
-0.0025948650764495798
0.003986420139867749
-0.004069874136693894
0.0031052704265704368
-0.0015733043719421008
-2.828502500745851e-17
0.0011952096696049219
-0.0017902673867579426
0.001776988115629451
-0.0013139636802392137
0.0006428227675924422
6.880597415977914e-18
-0.0004491985498698224
0.0006397861693133908
-0.0005993149871693561
0.0004142446039966435
-0.0001870817874637268
-1.6765419465332546e-18
0.0001050872326677357
-0.00012773288240694754
