12
89
-0.00012773288240694526
-0.0002030129440940272
-0.0002852684918089055
-0.0003614142602790799
-0.00041424460399664423
-0.000423779691494184
-0.00036938071707689097
-0.00023252227947749045
3.9680326732588147e-19
0.0003327495497568642
0.0007586172844915052
0.0012565203466494905
0.0017902673867579372
0.002308967775403607
0.0027492495875846416
0.0030393906509447546
0.0031052704265704476
0.002877835600632018
0.002301560740855575
0.0013432010025131065
-1.4290661939992376e-18
-0.0016935471733415845
-0.0036612536118440448
-0.005783886475164548
-0.007901458538716231
-0.009819443131524302
-0.011318851986103976
-0.012169749747226686
-0.012147419500092774
-0.0110500765828382
-0.008716787355500313
-0.005044114390603439
2.675966367348799e-18
0.006366474777534262
0.013920562213222708
0.022443286401319533
0.03163912646454109
0.04114971726075977
0.05057283105283618
0.059485436619258134
0.0674692515598182
0.07413694622168378
0.07915705031471162
0.08227566910249894
0.08333333333333333
0.08227566910249894
0.07915705031471162
0.07413694622168378
0.0674692515598182
0.059485436619258134
0.05057283105283618
0.04114971726075977
0.03163912646454109
0.022443286401319533
0.013920562213222708
0.006366474777534262
2.675966367348799e-18
-0.005044114390603439
-0.008716787355500313
-0.0110500765828382
-0.012147419500092774
-0.012169749747226686
-0.011318851986103976
-0.009819443131524302
-0.007901458538716231
-0.005783886475164548
-0.0036612536118440448
-0.0016935471733415845
-1.4290661939992376e-18
0.0013432010025131065
0.002301560740855575
0.002877835600632018
0.0031052704265704476
0.0030393906509447546
0.0027492495875846416
0.002308967775403607
0.0017902673867579372
0.0012565203466494905
0.0007586172844915052
0.0003327495497568642
3.9680326732588147e-19
-0.00023252227947749045
-0.00036938071707689097
-0.000423779691494184
-0.00041424460399664423
-0.0003614142602790799
-0.0002852684918089055
-0.0002030129440940272
-0.00012773288240694526
2.1220525586035941e-19
9.792571142629238e-05
0.0002852684918089057
0.0005484960477428108
0.0008284892079932895
0.0010230946786635448
0.0010091668863902914
0.0006817208293473158
-1.1904098019776445e-18
-0.0009755723173492932
-0.002072580964730724
-0.0030335084622789403
-0.003580534773515871
-0.0035041774450085108
-0.00274924958758464
-0.0014660862790026488
7.660109733990982e-18
0.0011920385360619052
0.0016848593990121496
0.0012516640739364496
-1.4290661939992376e-18
-0.001578134732197387
-0.002680223663264899
-0.0023957642212394698
1.0939045864585258e-17
0.00473652534204506
0.011318851986103981
0.01846927576465441
0.02429483900018556
0.02667724475154933
0.023814705934000816
0.014788595111883853
-8.027899102046397e-18
-0.01866555959761085
-0.03803168323644789
-0.05418288641428926
-0.06327825292908217
-0.062450378316096865
-0.05057283105283617
-0.02869350881265229
0.0
0.03070852859794622
0.05794698260765493
0.07666871822013556
0.08333333333333333
0.07666871822013556
0.05794698260765493
0.03070852859794622
0.0
-0.02869350881265229
-0.05057283105283617
-0.062450378316096865
-0.06327825292908217
-0.05418288641428926
-0.03803168323644789
-0.01866555959761085
-8.027899102046397e-18
0.014788595111883853
0.023814705934000816
0.02667724475154933
0.02429483900018556
0.01846927576465441
0.011318851986103981
0.00473652534204506
1.0939045864585258e-17
-0.0023957642212394698
-0.002680223663264899
-0.001578134732197387
-1.4290661939992376e-18
0.0012516640739364496
0.0016848593990121496
0.0011920385360619052
7.660109733990982e-18
-0.0014660862790026488
-0.00274924958758464
-0.0035041774450085108
-0.003580534773515871
-0.0030335084622789403
-0.002072580964730724
-0.0009755723173492932
-1.1904098019776445e-18
0.0006817208293473158
0.0010091668863902914
0.0010230946786635448
0.0008284892079932895
0.0005484960477428108
0.0002852684918089057
9.792571142629238e-05
2.1220525586035941e-19
0.00012773288240694577
0.00025370302233870313
0.0002852684918089052
7.749181364047705e-05
-0.00041424460399664597
-0.0010230946786635457
-0.0013785476034671837
-0.0010844612312940606
1.9840163366294076e-18
0.0015519114437238517
0.002831198249222225
0.003033508462278939
0.0017902673867579318
-0.0004950720550298236
-0.0027492495875846438
-0.0037982927524835095
-0.003105270426570452
-0.0011920385360619
0.0006167013418434313
0.0010748283071937222
-1.4290661939992378e-18
-0.0013551750170448875
-0.0009810299485791397
0.0023957642212394698
0.007901458538716228
0.012271249063788283
0.011318851986103974
0.0026093491129407123
-0.012147419500092795
-0.02667724475154934
-0.03253149328950115
-0.02352525751559836
1.3379831836743995e-17
0.029692617377405965
0.05195224544967058
0.054182886414289255
0.03163912646454107
-0.008823022696633069
-0.050572831052836185
-0.07433828972232104
-0.06746925155981819
-0.030708528597946205
0.02121006770705673
0.06583692089211747
0.08333333333333334
0.06583692089211747
0.02121006770705673
-0.030708528597946205
-0.06746925155981819
-0.07433828972232104
-0.050572831052836185
-0.008823022696633069
0.03163912646454107
0.054182886414289255
0.05195224544967058
0.029692617377405965
1.3379831836743995e-17
-0.02352525751559836
-0.03253149328950115
-0.02667724475154934
-0.012147419500092795
0.0026093491129407123
0.011318851986103974
0.012271249063788283
0.007901458538716228
0.0023957642212394698
-0.0009810299485791397
-0.0013551750170448875
-1.4290661939992378e-18
0.0010748283071937222
0.0006167013418434313
-0.0011920385360619
-0.003105270426570452
-0.0037982927524835095
-0.0027492495875846438
-0.0004950720550298236
0.0017902673867579318
0.003033508462278939
0.002831198249222225
0.0015519114437238517
1.9840163366294076e-18
-0.0010844612312940606
-0.0013785476034671837
-0.0010230946786635457
-0.00041424460399664597
7.749181364047705e-05
0.0002852684918089052
0.00025370302233870313
0.00012773288240694577
0.00012773288240694477
3.3400636536360485e-05
-0.00028526849180890597
-0.0005886087621621919
-0.00041424460399664255
0.00042377969149418363
0.0013785476034671859
0.0014132973924850353
-2.7776228712811702e-18
-0.0020224903698635504
-0.0028311982492222184
-0.00125652034664948
0.001790267386757942
0.0037604455980880325
0.002749249587584639
-0.0005000547274325631
-0.0031052704265704424
-0.0028778356006320194
-0.0006167013418434201
0.00082474476755346
-1.4290661939992374e-18
-0.0010398623640133938
0.0009810299485791504
0.005783886475164555
0.007901458538716238
0.0016155405877646993
-0.011318851986103988
-0.019819974256155275
-0.012147419500092757
0.011050076582838225
0.03253149328950119
0.03065871249695105
-1.8731764571441592e-17
-0.03869617235230115
-0.05195224544967055
-0.022443286401319516
0.03163912646454112
0.06701751093461772
0.050572831052836165
-0.00978682150831903
-0.06746925155981819
-0.07413694622168378
-0.02121006770705673
0.05051844620595759
0.08333333333333331
0.05051844620595759
-0.02121006770705673
-0.07413694622168378
-0.06746925155981819
-0.00978682150831903
0.050572831052836165
0.06701751093461772
0.03163912646454112
-0.022443286401319516
-0.05195224544967055
-0.03869617235230115
-1.8731764571441592e-17
0.03065871249695105
0.03253149328950119
0.011050076582838225
-0.012147419500092757
-0.019819974256155275
-0.011318851986103988
0.0016155405877646993
0.007901458538716238
0.005783886475164555
0.0009810299485791504
-0.0010398623640133938
-1.4290661939992374e-18
0.00082474476755346
-0.0006167013418434201
-0.0028778356006320194
-0.0031052704265704424
-0.0005000547274325631
0.002749249587584639
0.0037604455980880325
0.001790267386757942
-0.00125652034664948
-0.0028311982492222184
-0.0020224903698635504
-2.7776228712811702e-18
0.0014132973924850353
0.0013785476034671859
0.00042377969149418363
-0.00041424460399664255
-0.0005886087621621919
-0.00028526849180890597
3.3400636536360485e-05
0.00012773288240694477
-3.5367542643393235e-20
-0.0002364135806303873
-0.000285268491808905
0.00022719450188311187
0.0008284892079932869
0.0004237796914941831
-0.0010091668863902927
-0.001645819671962527
7.408331381247773e-18
0.0023552399196204127
0.002072580964730717
-0.0012565203466494963
-0.0035805347735158766
-0.0014514778226844246
0.0027492495875846446
0.0035394453783773178
-1.0943013905701403e-17
-0.002877835600632021
-0.0016848593990121542
0.0005184562349596518
-1.4290661939992395e-18
-0.0006536848093281731
0.0026802236632648808
0.005783886475164551
-9.944587149622962e-18
-0.011434983719289001
-0.01131885198610397
0.007650224508928579
0.024294839000185538
0.011050076582838192
-0.023814705934000865
-0.035702826887554495
2.4083697306139193e-17
0.04506264712983537
0.038031683236447865
-0.022443286401319575
-0.06327825292908221
-0.025867793673857952
0.05057283105283619
0.06927225812757717
-1.3586430379026376e-17
-0.0741369462216838
-0.05794698260765493
0.03175722289654138
0.08333333333333337
0.03175722289654138
-0.05794698260765493
-0.0741369462216838
-1.3586430379026376e-17
0.06927225812757717
0.05057283105283619
-0.025867793673857952
-0.06327825292908221
-0.022443286401319575
0.038031683236447865
0.04506264712983537
2.4083697306139193e-17
-0.035702826887554495
-0.023814705934000865
0.011050076582838192
0.024294839000185538
0.007650224508928579
-0.01131885198610397
-0.011434983719289001
-9.944587149622962e-18
0.005783886475164551
0.0026802236632648808
-0.0006536848093281731
-1.4290661939992395e-18
0.0005184562349596518
-0.0016848593990121542
-0.002877835600632021
-1.0943013905701403e-17
0.0035394453783773178
0.0027492495875846446
-0.0014514778226844246
-0.0035805347735158766
-0.0012565203466494963
0.002072580964730717
0.0023552399196204127
7.408331381247773e-18
-0.001645819671962527
-0.0010091668863902927
0.0004237796914941831
0.0008284892079932869
0.00022719450188311187
-0.000285268491808905
-0.0002364135806303873
-3.5367542643393235e-20
-0.0001277328824069469
-0.00015577731091241166
0.0002852684918089052
0.00047100423410233373
-0.000414244603996645
-0.001023094678663543
0.00036938071707689454
0.0017661820606413798
-8.201937915899535e-18
-0.002527483761073143
-0.000758617284491507
0.0030335084622789377
0.0017902673867579329
-0.0030091053899786936
-0.002749249587584627
0.0023322064734808507
0.003105270426570444
-0.0011920385360619065
-0.0023015607408555907
0.00017683576674274674
-1.429066193999236e-18
-0.0002229597151524983
0.003661253611844088
0.00239576422123946
-0.007901458538716245
-0.007534723721743245
0.011318851986103991
0.015859926651713672
-0.012147419500092791
-0.02667724475154933
0.00871678735550034
0.03831385262748224
-2.94356300408368e-17
-0.048358176975016764
-0.013920562213222696
0.054182886414289304
0.03163912646454107
-0.05362735561946384
-0.05057283105283616
0.045644780909668684
0.06746925155981817
-0.030708528597946205
-0.07915705031471161
0.010831797328018124
0.08333333333333331
0.010831797328018124
-0.07915705031471161
-0.030708528597946205
0.06746925155981817
0.045644780909668684
-0.05057283105283616
-0.05362735561946384
0.03163912646454107
0.054182886414289304
-0.013920562213222696
-0.048358176975016764
-2.94356300408368e-17
0.03831385262748224
0.00871678735550034
-0.02667724475154933
-0.012147419500092791
0.015859926651713672
0.011318851986103991
-0.007534723721743245
-0.007901458538716245
0.00239576422123946
0.003661253611844088
-0.0002229597151524983
-1.429066193999236e-18
0.00017683576674274674
-0.0023015607408555907
-0.0011920385360619065
0.003105270426570444
0.0023322064734808507
-0.002749249587584627
-0.0030091053899786936
0.0017902673867579329
0.0030335084622789377
-0.000758617284491507
-0.002527483761073143
-8.201937915899535e-18
0.0017661820606413798
0.00036938071707689454
-0.001023094678663543
-0.000414244603996645
0.00047100423410233373
0.0002852684918089052
-0.00015577731091241166
-0.0001277328824069469
-0.0001277328824069439
0.0001557773109124091
0.0002852684918089058
-0.0004710042341023316
-0.00041424460399664325
0.0010230946786635466
0.00036938071707689194
-0.0017661820606413782
1.3213404999216207e-18
0.002527483761073143
-0.0007586172844914986
-0.003033508462278937
0.0017902673867579372
0.0030091053899787092
-0.0027492495875846568
-0.0023322064734808507
0.0031052704265704624
0.0011920385360619065
-0.002301560740855587
-0.00017683576674274744
-1.4290661939992388e-18
0.00022295971515249007
0.003661253611844012
-0.0023957642212394945
-0.00790145853871622
0.007534723721743198
0.011318851986103965
-0.015859926651713655
-0.012147419500092772
0.02667724475154935
0.008716787355500338
-0.03831385262748223
3.478756277553439e-17
0.04835817697501677
-0.01392056221322272
-0.054182886414289276
0.0316391264645411
0.053627355619463885
-0.0505728310528362
-0.0456447809096687
0.06746925155981823
0.03070852859794619
-0.07915705031471167
-0.010831797328018124
0.08333333333333337
-0.010831797328018124
-0.07915705031471167
0.03070852859794619
0.06746925155981823
-0.0456447809096687
-0.0505728310528362
0.053627355619463885
0.0316391264645411
-0.054182886414289276
-0.01392056221322272
0.04835817697501677
3.478756277553439e-17
-0.03831385262748223
0.008716787355500338
0.02667724475154935
-0.012147419500092772
-0.015859926651713655
0.011318851986103965
0.007534723721743198
-0.00790145853871622
-0.0023957642212394945
0.003661253611844012
0.00022295971515249007
-1.4290661939992388e-18
-0.00017683576674274744
-0.002301560740855587
0.0011920385360619065
0.0031052704265704624
-0.0023322064734808507
-0.0027492495875846568
0.0030091053899787092
0.0017902673867579372
-0.003033508462278937
-0.0007586172844914986
0.002527483761073143
1.3213404999216207e-18
-0.0017661820606413782
0.00036938071707689194
0.0010230946786635466
-0.00041424460399664325
-0.0004710042341023316
0.0002852684918089058
0.0001557773109124091
-0.0001277328824069439
7.604021668329546e-19
0.00023641358063039076
-0.0002852684918089065
-0.00022719450188311366
0.000828489207993292
-0.0004237796914941831
-0.0010091668863902946
0.0016458196719625292
-2.1149470345733838e-18
-0.0023552399196204114
0.0020725809647307272
0.0012565203466494697
-0.0035805347735158614
0.0014514778226844176
0.002749249587584635
-0.003539445378377301
1.4225918077411825e-17
0.0028778356006320077
-0.001684859399012116
-0.0005184562349596074
-1.429066193999236e-18
0.0006536848093282134
0.002680223663264907
-0.005783886475164537
2.9833761448868885e-17
0.011434983719289077
-0.011318851986103995
-0.007650224508928538
0.02429483900018559
-0.01105007658283824
-0.023814705934000816
0.03570282688755453
-4.013949551023199e-17
-0.04506264712983534
0.03803168323644792
0.022443286401319516
-0.06327825292908212
0.025867793673858004
0.05057283105283615
-0.0692722581275771
2.7172860758052752e-17
0.07413694622168378
-0.057946982607654844
-0.03175722289654138
0.08333333333333326
-0.03175722289654138
-0.057946982607654844
0.07413694622168378
2.7172860758052752e-17
-0.0692722581275771
0.05057283105283615
0.025867793673858004
-0.06327825292908212
0.022443286401319516
0.03803168323644792
-0.04506264712983534
-4.013949551023199e-17
0.03570282688755453
-0.023814705934000816
-0.01105007658283824
0.02429483900018559
-0.007650224508928538
-0.011318851986103995
0.011434983719289077
2.9833761448868885e-17
-0.005783886475164537
0.002680223663264907
0.0006536848093282134
-1.429066193999236e-18
-0.0005184562349596074
-0.001684859399012116
0.0028778356006320077
1.4225918077411825e-17
-0.003539445378377301
0.002749249587584635
0.0014514778226844176
-0.0035805347735158614
0.0012565203466494697
0.0020725809647307272
-0.0023552399196204114
-2.1149470345733838e-18
0.0016458196719625292
-0.0010091668863902946
-0.0004237796914941831
0.000828489207993292
-0.00022719450188311366
-0.0002852684918089065
0.00023641358063039076
7.604021668329546e-19
0.00012773288240694466
-3.3400636536362755e-05
-0.0002852684918089045
0.0005886087621621939
-0.00041424460399665274
-0.00042377969149418504
0.0013785476034671815
-0.0014132973924850397
1.0582757519854824e-17
0.0020224903698635487
-0.0028311982492222323
0.0012565203466495022
0.001790267386757922
-0.003760445598088024
0.002749249587584648
0.0005000547274325302
-0.0031052704265704736
0.0028778356006320133
-0.0006167013418434443
-0.0008247447675534918
-1.4290661939992388e-18
0.001039862364013375
0.0009810299485791276
-0.005783886475164528
0.007901458538716249
-0.001615540587764772
-0.011318851986103964
0.019819974256155237
-0.012147419500092823
-0.011050076582838173
0.03253149328950111
-0.03065871249695113
4.549142824492959e-17
0.03869617235230108
-0.05195224544967062
0.02244328640131959
0.03163912646454103
-0.06701751093461782
0.050572831052836206
0.009786821508318897
-0.06746925155981821
0.07413694622168379
-0.021210067707056787
-0.050518446205957565
0.08333333333333337
-0.050518446205957565
-0.021210067707056787
0.07413694622168379
-0.06746925155981821
0.009786821508318897
0.050572831052836206
-0.06701751093461782
0.03163912646454103
0.02244328640131959
-0.05195224544967062
0.03869617235230108
4.549142824492959e-17
-0.03065871249695113
0.03253149328950111
-0.011050076582838173
-0.012147419500092823
0.019819974256155237
-0.011318851986103964
-0.001615540587764772
0.007901458538716249
-0.005783886475164528
0.0009810299485791276
0.001039862364013375
-1.4290661939992388e-18
-0.0008247447675534918
-0.0006167013418434443
0.0028778356006320133
-0.0031052704265704736
0.0005000547274325302
0.002749249587584648
-0.003760445598088024
0.001790267386757922
0.0012565203466495022
-0.0028311982492222323
0.0020224903698635487
1.0582757519854824e-17
-0.0014132973924850397
0.0013785476034671815
-0.00042377969149418504
-0.00041424460399665274
0.0005886087621621939
-0.0002852684918089045
-3.3400636536362755e-05
0.00012773288240694466
0.00012773288240694458
-0.00025370302233870075
0.0002852684918089077
-7.74918136404775e-05
-0.0004142446039966407
0.0010230946786635438
-0.0013785476034671828
0.001084461231294059
-1.9050568005136267e-17
-0.0015519114437238543
0.0028311982492222245
-0.0030335084622789355
0.001790267386757941
0.0004950720550298051
-0.002749249587584643
0.0037982927524835204
-0.0031052704265704455
0.0011920385360619185
0.0006167013418434254
-0.001074828307193713
-1.4290661939992403e-18
0.0013551750170448613
-0.0009810299485791293
-0.0023957642212394767
0.007901458538716166
-0.012271249063788231
0.011318851986104038
-0.0026093491129407357
-0.012147419500092765
0.02667724475154932
-0.03253149328950116
0.023525257515598415
-5.0843360979627196e-17
-0.029692617377405965
0.051952245449670593
-0.054182886414289304
0.03163912646454111
0.008823022696633032
-0.050572831052836144
0.07433828972232111
-0.06746925155981823
0.030708528597946233
0.02121006770705676
-0.0658369208921175
0.08333333333333337
-0.0658369208921175
0.02121006770705676
0.030708528597946233
-0.06746925155981823
0.07433828972232111
-0.050572831052836144
0.008823022696633032
0.03163912646454111
-0.054182886414289304
0.051952245449670593
-0.029692617377405965
-5.0843360979627196e-17
0.023525257515598415
-0.03253149328950116
0.02667724475154932
-0.012147419500092765
-0.0026093491129407357
0.011318851986104038
-0.012271249063788231
0.007901458538716166
-0.0023957642212394767
-0.0009810299485791293
0.0013551750170448613
-1.4290661939992403e-18
-0.001074828307193713
0.0006167013418434254
0.0011920385360619185
-0.0031052704265704455
0.0037982927524835204
-0.002749249587584643
0.0004950720550298051
0.001790267386757941
-0.0030335084622789355
0.0028311982492222245
-0.0015519114437238543
-1.9050568005136267e-17
0.001084461231294059
-0.0013785476034671828
0.0010230946786635438
-0.0004142446039966407
-7.74918136404775e-05
0.0002852684918089077
-0.00025370302233870075
0.00012773288240694458
-4.2441051172071883e-19
-9.79257114262929e-05
0.00028526849180890326
-0.0005484960477428152
0.000828489207993292
-0.0010230946786635457
0.0010091668863903072
-0.0006817208293473191
1.216997058915835e-17
0.0009755723173492669
-0.002072580964730715
0.00303350846227894
-0.0035805347735158623
0.0035041774450085003
-0.0027492495875846403
0.0014660862790026599
-3.009328824067886e-17
-0.0011920385360619137
0.0016848593990121295
-0.0012516640739363887
-4.288643185132436e-17
0.0015781347321974352
-0.002680223663264954
0.002395764221239481
-1.9889174299245923e-18
-0.004736525342045039
0.011318851986103917
-0.018469275764654416
0.024294839000185593
-0.02667724475154931
0.023814705934000962
-0.014788595111883945
1.3382536896466857e-16
0.018665559597610792
-0.03803168323644785
0.05418288641428926
-0.06327825292908212
0.06245037831609685
-0.05057283105283622
0.028693508812652292
-2.7172860758052752e-17
-0.030708528597946108
0.057946982607654816
-0.07666871822013546
0.08333333333333326
-0.07666871822013546
0.057946982607654816
-0.030708528597946108
-2.7172860758052752e-17
0.028693508812652292
-0.05057283105283622
0.06245037831609685
-0.06327825292908212
0.05418288641428926
-0.03803168323644785
0.018665559597610792
1.3382536896466857e-16
-0.014788595111883945
0.023814705934000962
-0.02667724475154931
0.024294839000185593
-0.018469275764654416
0.011318851986103917
-0.004736525342045039
-1.9889174299245923e-18
0.002395764221239481
-0.002680223663264954
0.0015781347321974352
-4.288643185132436e-17
-0.0012516640739363887
0.0016848593990121295
-0.0011920385360619137
-3.009328824067886e-17
0.0014660862790026599
-0.0027492495875846403
0.0035041774450085003
-0.0035805347735158623
0.00303350846227894
-0.002072580964730715
0.0009755723173492669
1.216997058915835e-17
-0.0006817208293473191
0.0010091668863903072
-0.0010230946786635457
0.000828489207993292
-0.0005484960477428152
0.00028526849180890326
-9.79257114262929e-05
-4.2441051172071883e-19
-0.0001277328824069471
0.0002030129440940286
-0.0002852684918089049
0.0003614142602790884
-0.00041424460399664846
0.0004237796914941895
-0.00036938071707691644
0.00023252227947749674
-5.289373173180436e-18
-0.0003327495497568247
0.0007586172844915017
-0.001256520346649489
0.0017902673867579196
-0.0023089677754035785
0.0027492495875846117
-0.0030393906509447607
0.0031052704265704667
-0.002877835600631981
0.0023015607408556197
-0.0013432010025131913
4.0028299463325894e-17
0.0016935471733415912
-0.003661253611844071
0.005783886475164529
-0.007901458538716235
0.00981944313152433
-0.011318851986104002
0.012169749747226673
-0.012147419500092837
0.011050076582838271
-0.008716787355500475
0.005044114390603464
-1.3917730169936613e-16
-0.0063664747775340575
0.013920562213222623
-0.02244328640131949
0.03163912646454101
-0.04114971726075969
0.050572831052836144
-0.05948543661925811
0.06746925155981819
-0.07413694622168385
0.07915705031471167
-0.08227566910249899
0.08333333333333337
-0.08227566910249899
0.07915705031471167
-0.07413694622168385
0.06746925155981819
-0.05948543661925811
0.050572831052836144
-0.04114971726075969
0.03163912646454101
-0.02244328640131949
0.013920562213222623
-0.0063664747775340575
-1.3917730169936613e-16
0.005044114390603464
-0.008716787355500475
0.011050076582838271
-0.012147419500092837
0.012169749747226673
-0.011318851986104002
0.00981944313152433
-0.007901458538716235
0.005783886475164529
-0.003661253611844071
0.0016935471733415912
4.0028299463325894e-17
-0.0013432010025131913
0.0023015607408556197
-0.002877835600631981
0.0031052704265704667
-0.0030393906509447607
0.0027492495875846117
-0.0023089677754035785
0.0017902673867579196
-0.001256520346649489
0.0007586172844915017
-0.0003327495497568247
-5.289373173180436e-18
0.00023252227947749674
-0.00036938071707691644
0.0004237796914941895
-0.00041424460399664846
0.0003614142602790884
-0.0002852684918089049
0.0002030129440940286
-0.0001277328824069471
